f1: 0.6457399103139013
gold_language_dist:
  __label__deu_Latn: 0.0041287491412859345
  __label__eng_Latn: 0.0008626074798537461
  __label__fra_Latn: 0.4908098127873556
  __label__glg_Latn: 8.652030891211094e-07
  __label__hun_Latn: 2.8551701940996612e-05
  __label__ita_Latn: 0.00044904040325385576
  __label__kor_Hang: 0.0003694417190547137
  __label__oci_Latn: 6.056421623847766e-06
  __label__slk_Latn: 5.191218534726656e-06
  __label__spa_Latn: 0.501993427917335
  __label__yue_Hant: 0.0013462560066724461
num_samples: 20236
precision@1: 0.6764533176746917
recall@1: 0.6176943699731904
selected_language_dist:
  __label__eng_Latn: 3.40337671693265e-05
  __label__fra_Latn: 0.5188608519975458
  __label__spa_Latn: 0.4807780119174908
  __label__yue_Hant: 0.00032710231779408246
total_language_dist:
  __label__ast_Latn: 1.978994266509437e-06
  __label__bod_Tibt: 1.2906484346800676e-06
  __label__cat_Latn: 1.7208645795734235e-07
  __label__deu_Latn: 0.125001451979489
  __label__eng_Latn: 0.6002527089635104
  __label__epo_Latn: 5.16259373872027e-07
  __label__eus_Latn: 1.2906484346800676e-06
  __label__fra_Latn: 0.10616306138366977
  __label__glg_Latn: 8.604322897867118e-08
  __label__hun_Latn: 6.263947069647261e-05
  __label__ita_Latn: 0.06656527906185347
  __label__khk_Cyrl: 5.28305425929041e-05
  __label__kor_Hang: 0.0009208346365297389
  __label__krc_Cyrl: 2.787800618908946e-05
  __label__lit_Latn: 2.581296869360135e-07
  __label__ltz_Latn: 1.2906484346800676e-06
  __label__mar_Deva: 1.8069078085520946e-06
  __label__nob_Latn: 3.441729159146847e-07
  __label__oci_Latn: 7.786912222569741e-05
  __label__pap_Latn: 7.743890608080406e-07
  __label__pol_Latn: 9.464755187653829e-07
  __label__ron_Latn: 6.883458318293694e-07
  __label__san_Deva: 4.689355979337579e-05
  __label__slk_Latn: 7.743890608080406e-07
  __label__slv_Latn: 2.581296869360135e-07
  __label__spa_Latn: 0.09704170472286981
  __label__ukr_Cyrl: 8.260149981952432e-06
  __label__vec_Latn: 4.302161448933559e-07
  __label__vie_Latn: 4.1903052512612865e-05
  __label__yue_Hant: 0.003715432670528
  __label__zsm_Latn: 8.346193210931105e-06
