f1: 0.002285714285714286
gold_language_dist:
  __label__eng_Latn: 0.9965566433052021
  __label__kor_Hang: 0.00020579573328522675
  __label__lit_Latn: 2.6271795738539586e-06
  __label__vie_Latn: 2.6271795738539586e-06
  __label__yue_Hant: 0.003232306602364987
num_samples: 20236
precision@1: 0.4
recall@1: 0.001146131805157593
selected_language_dist:
  __label__eng_Latn: 0.7236614853195165
  __label__kor_Hang: 0.0690846286701209
  __label__yue_Hant: 0.20725388601036268
total_language_dist:
  __label__ast_Latn: 1.978994266509437e-06
  __label__bod_Tibt: 1.2906484346800676e-06
  __label__cat_Latn: 1.7208645795734235e-07
  __label__deu_Latn: 0.125001451979489
  __label__eng_Latn: 0.6002527089635104
  __label__epo_Latn: 5.16259373872027e-07
  __label__eus_Latn: 1.2906484346800676e-06
  __label__fra_Latn: 0.10616306138366977
  __label__glg_Latn: 8.604322897867118e-08
  __label__hun_Latn: 6.263947069647261e-05
  __label__ita_Latn: 0.06656527906185347
  __label__khk_Cyrl: 5.28305425929041e-05
  __label__kor_Hang: 0.0009208346365297389
  __label__krc_Cyrl: 2.787800618908946e-05
  __label__lit_Latn: 2.581296869360135e-07
  __label__ltz_Latn: 1.2906484346800676e-06
  __label__mar_Deva: 1.8069078085520946e-06
  __label__nob_Latn: 3.441729159146847e-07
  __label__oci_Latn: 7.786912222569741e-05
  __label__pap_Latn: 7.743890608080406e-07
  __label__pol_Latn: 9.464755187653829e-07
  __label__ron_Latn: 6.883458318293694e-07
  __label__san_Deva: 4.689355979337579e-05
  __label__slk_Latn: 7.743890608080406e-07
  __label__slv_Latn: 2.581296869360135e-07
  __label__spa_Latn: 0.09704170472286981
  __label__ukr_Cyrl: 8.260149981952432e-06
  __label__vec_Latn: 4.302161448933559e-07
  __label__vie_Latn: 4.1903052512612865e-05
  __label__yue_Hant: 0.003715432670528
  __label__zsm_Latn: 8.346193210931105e-06
